1 1 1
1 2 2
2 2 0
1 4 2
3 3 2
3 4 3
4 4 0
1 7 2
5 5 0
5 6 0
6 6 0
5 7 5
7 7 5
-------------------------------------------------------
5 3 2
-------------------------------------------------------
0
1
3
3
0
7
7
7
-------------------------------------------------------
1 1 1
1 2 1
2 2 2
1 4 1
3 3 2
3 4 3
4 4 0
1 7 1
5 5 0
5 6 0
6 6 0
5 7 5
7 7 5
-------------------------------------------------------
!!6 2 2  BIGHEAD -1
-------------------------------------------------------
0
1
3
3
0
7
7
7
-------------------------------------------------------
1 1 1
1 2 1
2 2 2
1 4 1
3 3 2
3 4 3
4 4 0
1 7 -1
5 5 0
5 6 6
6 6 6
5 7 4
7 7 5
-------------------------------------------------------
!!7 6 6 BIGHEAD
-------------------------------------------------------
0
1
3
3
0
7
7
7
-------------------------------------------------------
1 1 1
1 2 1
2 2 2
1 4 1
3 3 2
3 4 3
4 4 0
1 7 -1
5 5 5
5 6 5
6 6 6
5 7 3
7 7 5
-------------------------------------------------------
!!8 5 5 BIGHEAD
-------------------------------------------------------
0
1
3
3
0
7
7
7
Testul arbore NU a fost trecut!
Testul trivial a fost trecut!			 2 puncte
Al treilea test:
-------------------------------------------------------
1 1 -1
1 2 -1
2 2 1
1 3 -1
3 3 0
1 6 -1
4 4 4
4 5 4
5 5 5
4 6 4
6 6 6
-------------------------------------------------------
7 4 4
-------------------------------------------------------
1
1
2
0
4
5
6
-------------------------------------------------------
1 1 -1
1 2 -1
2 2 1
1 3 -1
3 3 0
1 6 -1
4 4 4
4 5 4
5 5 5
4 6 3
6 6 5
-------------------------------------------------------
!!8 6 5 HEAD
-------------------------------------------------------
1
1
2
0
4
5
6
-------------------------------------------------------
Testul arbore NU a fost trecut!
Testul trivial a fost trecut!			 2 puncte

** Punctajul pentru testele triviale va fi trunchiat la 5 puncte.
